100
29
-1 -1 2 -1 -1 1 5 -1 -1 8 -1 -1 6 15 10 -1 -1 13 -1 3 -1 -1 9 -1 -1 12 14 11 7

31
-1 -1 12 -1 -1 7 6 -1 -1 15 -1 -1 14 13 10 -1 -1 5 -1 -1 8 3 -1 -1 4 -1 -1 9 11 2 1

27
-1 -1 9 -1 -1 15 12 -1 -1 10 -1 6 13 -1 -1 5 -1 -1 3 14 -1 -1 7 -1 8 2 1

23
-1 -1 -1 2 1 -1 -1 3 -1 -1 8 13 15 -1 -1 9 -1 -1 4 5 -1 6 11

25
-1 -1 13 -1 -1 1 5 -1 -1 -1 8 2 3 -1 -1 7 -1 4 -1 -1 -1 14 6 15 11

21
-1 -1 13 -1 12 -1 14 -1 -1 2 -1 -1 15 4 -1 -1 -1 10 9 11 5

17
-1 -1 -1 14 11 -1 -1 1 -1 -1 5 9 6 -1 -1 8 2

17
-1 -1 3 -1 -1 13 12 -1 -1 5 -1 -1 11 7 6 -1 9

1
-1

25
-1 -1 12 -1 -1 8 3 -1 -1 2 -1 -1 10 9 15 -1 -1 11 -1 -1 -1 5 4 14 1

1
-1

17
-1 -1 -1 13 4 -1 -1 11 -1 -1 3 15 6 -1 -1 5 10

15
-1 -1 -1 3 -1 -1 12 13 -1 -1 11 -1 7 9 6

29
-1 -1 7 -1 -1 14 15 -1 -1 5 -1 4 6 -1 -1 12 -1 -1 1 10 -1 -1 13 -1 -1 8 2 9 3

19
-1 -1 -1 15 -1 -1 11 14 3 -1 -1 5 -1 -1 7 9 -1 4 2

11
-1 -1 -1 -1 2 -1 -1 6 3 1 8

1
-1

17
-1 -1 -1 12 -1 -1 15 6 -1 -1 10 -1 -1 14 7 11 2

29
-1 -1 3 -1 -1 5 2 -1 -1 14 -1 -1 8 4 12 -1 -1 -1 9 13 -1 -1 15 -1 -1 7 1 10 11

19
-1 -1 4 -1 -1 9 -1 -1 3 7 -1 -1 1 -1 -1 10 2 11 6

23
-1 -1 -1 14 5 -1 10 -1 -1 9 -1 -1 6 4 -1 -1 2 -1 -1 7 3 13 8

13
-1 -1 6 -1 -1 5 -1 -1 13 7 -1 9 10

9
-1 -1 -1 -1 5 15 -1 10 3

3
-1 -1 12

25
-1 -1 15 -1 -1 1 11 -1 -1 -1 7 13 10 -1 -1 8 -1 -1 12 4 -1 -1 14 2 5

19
-1 -1 6 -1 -1 14 -1 -1 8 5 -1 -1 4 -1 -1 15 9 10 2

11
-1 -1 -1 13 -1 -1 2 5 -1 7 4

9
-1 -1 -1 1 -1 11 15 -1 14

21
-1 -1 7 -1 6 -1 -1 10 -1 -1 14 1 -1 -1 9 -1 -1 15 3 8 12

15
-1 -1 4 -1 10 -1 -1 1 -1 -1 5 3 9 -1 6

23
-1 -1 -1 9 1 -1 -1 7 -1 -1 4 15 2 -1 -1 -1 8 -1 -1 3 14 13 11

23
-1 -1 1 -1 -1 12 2 -1 8 -1 -1 -1 11 6 -1 -1 9 -1 -1 14 3 15 4

29
-1 -1 9 -1 -1 12 1 -1 -1 -1 15 3 10 -1 -1 8 -1 -1 13 6 -1 -1 4 -1 -1 14 5 7 2

21
-1 -1 -1 -1 1 15 5 -1 -1 7 -1 11 -1 -1 4 -1 -1 14 12 3 6

29
-1 -1 10 -1 -1 6 13 -1 -1 2 -1 -1 7 1 9 -1 -1 15 -1 -1 11 5 -1 -1 3 -1 12 14 8

1
-1

23
-1 -1 13 -1 6 -1 -1 5 -1 -1 10 8 11 -1 -1 -1 14 -1 -1 15 12 4 1

19
-1 -1 2 -1 -1 -1 6 7 11 -1 -1 -1 1 -1 -1 10 5 9 13

29
-1 -1 1 -1 4 -1 -1 15 -1 -1 9 10 2 -1 -1 13 -1 -1 3 14 -1 -1 5 -1 -1 7 11 8 12

27
-1 -1 -1 1 2 -1 -1 10 -1 -1 7 11 12 -1 -1 4 -1 -1 14 8 -1 -1 -1 3 5 6 9

1
-1

13
-1 -1 6 -1 -1 3 12 -1 -1 14 13 -1 10

11
-1 -1 -1 -1 1 -1 -1 7 10 15 13

17
-1 -1 13 -1 -1 3 14 -1 -1 11 -1 -1 15 6 10 -1 8

15
-1 -1 11 -1 -1 -1 13 3 -1 -1 8 -1 5 15 10

29
-1 -1 14 -1 -1 11 2 -1 -1 -1 13 3 7 -1 -1 9 -1 -1 6 8 -1 -1 10 -1 -1 5 1 4 15

31
-1 -1 13 -1 -1 1 2 -1 -1 8 -1 -1 4 7 12 -1 -1 14 -1 -1 3 15 -1 -1 6 -1 -1 9 5 10 11

29
-1 -1 8 -1 -1 13 6 -1 -1 3 -1 4 9 -1 -1 2 -1 -1 10 5 -1 -1 1 -1 -1 15 11 12 14

1
-1

17
-1 -1 7 -1 -1 1 2 -1 -1 6 -1 -1 8 14 13 -1 12

1
-1

25
-1 -1 -1 4 -1 -1 10 15 12 -1 -1 8 -1 -1 6 3 -1 -1 13 -1 -1 7 1 5 11

1
-1

1
-1

21
-1 -1 -1 15 14 -1 8 -1 -1 -1 2 6 -1 -1 12 -1 -1 10 5 1 9

17
-1 -1 -1 3 -1 6 1 -1 -1 -1 8 2 -1 -1 11 13 4

1
-1

25
-1 -1 8 -1 -1 11 4 -1 5 -1 -1 10 -1 -1 14 6 -1 -1 2 -1 -1 1 12 13 15

11
-1 -1 -1 13 -1 -1 5 9 1 -1 15

27
-1 -1 7 -1 13 -1 -1 11 -1 -1 8 3 1 -1 -1 9 -1 -1 10 5 -1 -1 -1 15 2 12 6

23
-1 -1 -1 -1 13 9 12 -1 -1 7 -1 -1 1 14 -1 -1 15 -1 -1 3 2 6 8

17
-1 -1 -1 8 -1 -1 7 9 -1 -1 1 -1 -1 13 6 5 11

11
-1 -1 6 -1 -1 5 12 -1 10 -1 7

9
-1 -1 -1 9 -1 2 -1 1 14

25
-1 -1 6 -1 -1 3 4 -1 14 -1 -1 12 -1 -1 15 8 -1 -1 11 -1 -1 10 1 2 5

23
-1 -1 8 -1 -1 2 12 -1 5 -1 -1 -1 13 9 -1 -1 4 -1 -1 6 11 15 1

17
-1 -1 -1 11 -1 -1 9 12 -1 -1 15 -1 -1 3 13 7 5

19
-1 -1 13 -1 -1 1 4 -1 7 -1 -1 -1 10 -1 -1 6 12 15 8

25
-1 -1 -1 10 7 -1 -1 1 -1 -1 4 13 12 -1 -1 3 -1 -1 5 -1 -1 14 11 9 6

1
-1

1
-1

1
-1

1
-1

1
-1

25
-1 -1 13 -1 10 -1 -1 3 -1 -1 5 15 12 -1 -1 -1 9 8 -1 -1 -1 4 14 11 1

27
-1 -1 7 -1 14 -1 -1 8 -1 -1 10 3 4 -1 -1 1 -1 -1 9 2 -1 -1 -1 5 12 13 11

13
-1 -1 -1 14 -1 -1 4 3 -1 -1 8 5 7

23
-1 -1 7 -1 -1 9 4 -1 -1 15 -1 -1 14 13 11 -1 -1 3 -1 8 -1 6 1

15
-1 -1 14 -1 13 -1 -1 2 -1 -1 11 12 5 -1 1

17
-1 -1 -1 6 -1 -1 11 8 -1 -1 3 -1 -1 2 7 1 5

1
-1

25
-1 -1 13 -1 -1 9 10 -1 2 -1 -1 7 -1 -1 4 15 -1 -1 3 -1 -1 12 5 6 8

17
-1 -1 6 -1 -1 2 3 -1 12 -1 -1 -1 -1 10 13 14 4

17
-1 -1 6 -1 -1 10 14 -1 -1 12 -1 13 3 -1 -1 11 9

9
-1 -1 -1 -1 6 4 9 -1 1

23
-1 -1 -1 13 7 -1 -1 15 -1 -1 14 5 4 -1 -1 -1 10 -1 -1 9 12 6 1

23
-1 -1 7 -1 -1 5 11 -1 10 -1 -1 15 -1 -1 9 13 -1 -1 -1 2 1 8 6

17
-1 -1 7 -1 -1 14 4 -1 9 -1 -1 -1 5 -1 8 10 11

23
-1 -1 -1 15 12 -1 -1 9 -1 -1 4 5 8 -1 -1 2 -1 -1 -1 7 6 13 14

1
-1

1
-1

27
-1 -1 11 -1 -1 12 4 -1 -1 6 -1 -1 14 15 10 -1 -1 -1 8 3 -1 -1 -1 13 9 1 7

1
-1

15
-1 -1 -1 2 3 -1 -1 15 -1 -1 13 14 6 -1 10

3
-1 -1 8

17
-1 -1 12 -1 15 -1 10 -1 -1 8 -1 -1 6 2 -1 4 14

17
-1 -1 10 -1 8 -1 -1 -1 7 9 6 -1 -1 15 -1 3 4

17
-1 -1 -1 5 -1 -1 7 14 -1 -1 9 -1 -1 13 3 2 6

27
-1 -1 1 -1 -1 15 12 -1 -1 6 -1 11 14 -1 -1 5 -1 -1 9 3 -1 -1 4 -1 7 10 8

1
-1

