100
79
-1 -1 -1 54 -1 31 -1 -1 49 -1 46 38 22 -1 -1 17 -1 -1 58 28 -1 -1 62 -1 -1 57 27 40 -1 -1 -1 12 19 -1 25 21 23 -1 -1 -1 44 53 -1 -1 8 -1 -1 7 63 20 -1 50 -1 -1 43 -1 -1 26 41 -1 -1 14 -1 32 45 -1 -1 -1 59 15 -1 -1 -1 18 5 35 48 24 11

79
-1 -1 31 -1 -1 12 20 -1 -1 60 -1 61 30 -1 -1 -1 49 -1 -1 58 25 22 50 -1 -1 44 -1 53 -1 -1 38 -1 4 10 -1 55 16 -1 -1 -1 56 -1 46 62 -1 -1 -1 -1 43 47 36 39 -1 -1 18 -1 -1 19 -1 51 15 -1 -1 24 -1 -1 42 13 -1 -1 17 -1 -1 2 32 33 52 45 37

61
-1 -1 34 -1 3 -1 -1 32 -1 -1 44 55 1 -1 -1 -1 29 14 -1 -1 20 -1 -1 62 60 57 51 -1 45 -1 -1 -1 16 -1 -1 46 4 -1 -1 63 -1 -1 10 40 28 -1 -1 -1 59 30 -1 -1 24 -1 -1 13 56 39 23 47 27

41
-1 -1 -1 -1 35 -1 -1 22 51 37 59 -1 -1 -1 6 -1 -1 32 11 -1 -1 50 -1 -1 18 1 56 61 8 -1 -1 -1 -1 -1 7 29 52 12 -1 30 46

55
-1 -1 -1 12 -1 -1 36 11 -1 3 -1 -1 -1 32 -1 -1 30 1 40 50 60 -1 -1 -1 57 -1 -1 23 21 -1 -1 61 -1 -1 25 45 33 26 -1 -1 -1 -1 8 18 10 -1 -1 -1 -1 24 7 48 6 29 17

1
-1

1
-1

81
-1 -1 -1 38 -1 -1 7 63 -1 -1 10 -1 -1 41 46 13 32 -1 -1 34 -1 -1 29 39 -1 -1 61 -1 -1 60 62 51 -1 -1 -1 43 48 -1 -1 31 -1 12 30 44 14 -1 -1 -1 53 -1 -1 56 21 -1 -1 54 -1 -1 47 16 1 23 -1 -1 -1 22 52 -1 -1 18 -1 26 -1 -1 11 -1 6 49 17 27 57

27
-1 -1 -1 -1 1 -1 46 -1 -1 31 -1 -1 26 27 2 -1 -1 -1 38 -1 -1 9 60 40 6 7 51

47
-1 -1 -1 42 -1 -1 37 27 -1 -1 56 -1 62 1 40 -1 -1 2 -1 -1 31 14 -1 -1 38 -1 -1 26 50 58 -1 -1 19 -1 35 -1 -1 53 -1 -1 17 23 32 61 15 -1 41

105
-1 -1 -1 53 42 -1 -1 23 -1 -1 47 26 57 -1 -1 10 -1 -1 11 33 -1 -1 -1 9 6 58 32 -1 -1 24 -1 -1 60 2 -1 -1 37 -1 -1 7 14 61 -1 -1 63 -1 -1 1 54 -1 -1 22 -1 -1 48 40 30 18 46 -1 -1 12 -1 -1 5 15 -1 31 -1 -1 19 -1 41 -1 -1 4 -1 45 36 44 -1 -1 29 -1 20 -1 -1 51 -1 -1 25 13 39 -1 -1 -1 50 -1 -1 59 35 8 62 56 17

31
-1 -1 -1 4 -1 -1 11 14 -1 -1 52 -1 -1 54 25 26 -1 -1 62 -1 -1 18 58 -1 17 13 59 -1 -1 10 42

9
-1 -1 -1 -1 25 -1 45 23 30

43
-1 -1 -1 13 -1 23 -1 -1 63 -1 -1 4 12 62 -1 -1 -1 -1 48 51 32 46 -1 -1 -1 29 -1 -1 8 33 59 -1 -1 -1 45 -1 -1 17 58 50 9 22 10

51
-1 -1 -1 -1 55 27 -1 53 -1 -1 26 -1 -1 51 35 -1 -1 50 -1 -1 41 21 1 47 34 -1 -1 63 -1 11 -1 -1 16 -1 -1 13 23 61 -1 -1 -1 32 -1 -1 48 8 46 58 -1 20 19

35
-1 -1 -1 -1 1 11 -1 -1 -1 5 28 9 47 -1 45 -1 -1 -1 -1 33 -1 -1 30 4 57 -1 -1 -1 18 32 -1 56 15 48 23

37
-1 -1 -1 28 31 -1 -1 37 -1 -1 45 6 -1 -1 -1 18 49 38 -1 -1 5 -1 -1 2 24 -1 -1 32 -1 -1 42 19 46 7 -1 16 58

1
-1

93
-1 -1 -1 52 38 -1 -1 57 -1 -1 16 48 3 -1 -1 53 -1 -1 4 58 -1 -1 9 -1 -1 17 25 61 19 -1 -1 44 -1 27 -1 -1 14 -1 -1 54 7 49 -1 59 41 -1 -1 60 -1 -1 43 34 -1 -1 26 -1 -1 33 11 15 -1 -1 -1 51 20 -1 -1 42 -1 -1 32 2 1 63 -1 -1 50 -1 -1 45 35 -1 24 -1 -1 36 -1 23 -1 55 47 5 13

45
-1 -1 13 -1 -1 62 7 -1 31 -1 -1 14 -1 -1 59 61 -1 -1 45 -1 -1 58 5 34 25 -1 -1 -1 44 -1 -1 33 39 -1 42 6 19 -1 -1 -1 55 56 -1 11 49

1
-1

75
-1 -1 11 -1 -1 31 19 -1 -1 9 -1 -1 40 58 4 -1 -1 6 -1 -1 10 53 -1 -1 29 -1 -1 56 32 45 59 -1 -1 3 -1 -1 52 -1 -1 13 1 -1 -1 46 -1 -1 62 35 55 24 34 -1 -1 -1 -1 38 8 -1 -1 -1 44 5 63 -1 -1 -1 43 -1 -1 48 33 15 51 57 25

63
-1 -1 11 -1 -1 43 -1 22 -1 -1 51 -1 -1 48 55 58 -1 -1 7 -1 20 -1 -1 26 -1 -1 10 18 44 19 1 -1 -1 -1 28 -1 -1 50 31 -1 -1 54 -1 29 15 -1 -1 16 -1 -1 14 42 -1 -1 36 -1 -1 17 60 5 46 35 47

27
-1 -1 62 -1 54 -1 -1 16 -1 -1 24 26 17 -1 -1 -1 12 -1 -1 18 53 13 44 -1 33 -1 1

55
-1 -1 37 -1 -1 56 61 -1 -1 54 -1 -1 35 62 31 -1 -1 26 -1 -1 43 17 -1 -1 29 -1 -1 5 33 47 23 -1 -1 20 -1 -1 60 34 -1 -1 -1 59 48 55 -1 -1 -1 8 46 -1 25 58 15 -1 63

93
-1 -1 -1 28 12 -1 50 -1 -1 -1 13 8 -1 -1 15 -1 -1 18 27 55 52 -1 -1 -1 11 -1 -1 53 14 48 -1 -1 -1 -1 58 37 62 23 46 -1 -1 56 -1 -1 42 60 -1 -1 -1 6 2 38 -1 -1 -1 25 19 -1 -1 10 -1 -1 59 36 4 30 -1 -1 33 -1 -1 61 51 -1 3 -1 -1 54 -1 -1 63 41 -1 -1 5 -1 -1 7 32 21 35 40 49

91
-1 -1 5 -1 -1 28 34 -1 -1 26 -1 -1 16 9 37 -1 32 -1 -1 57 -1 -1 29 19 -1 -1 54 -1 -1 15 27 20 -1 -1 24 -1 -1 51 45 -1 -1 44 -1 -1 40 43 18 39 36 -1 -1 -1 -1 61 46 -1 -1 56 -1 -1 12 55 1 30 -1 -1 33 -1 7 -1 -1 25 -1 10 41 -1 -1 2 -1 -1 17 50 -1 -1 47 -1 38 6 42 11 62

17
-1 -1 -1 -1 1 -1 -1 8 35 28 -1 39 16 -1 -1 18 36

51
-1 -1 -1 23 -1 11 -1 -1 7 -1 -1 6 32 37 -1 -1 25 -1 -1 42 49 -1 -1 17 -1 -1 33 61 59 43 -1 -1 12 -1 -1 16 53 -1 -1 44 -1 -1 54 52 5 -1 -1 20 50 18 62

83
-1 -1 -1 -1 -1 39 41 27 2 -1 -1 -1 7 -1 -1 43 49 18 -1 -1 28 -1 -1 31 46 -1 -1 30 -1 8 22 37 34 -1 -1 24 -1 -1 13 40 -1 -1 52 -1 17 45 -1 -1 48 -1 -1 54 9 -1 -1 5 -1 -1 44 32 20 35 -1 -1 11 -1 -1 29 19 -1 21 -1 -1 -1 1 -1 -1 6 33 47 61 12 56

65
-1 -1 1 -1 -1 13 7 -1 12 -1 -1 38 -1 -1 16 17 -1 32 18 -1 -1 -1 6 -1 -1 49 53 -1 -1 -1 63 10 48 22 37 -1 -1 -1 34 -1 33 28 -1 -1 -1 19 -1 45 31 -1 -1 35 -1 -1 20 5 -1 -1 -1 39 24 56 43 23 11

83
-1 -1 -1 19 -1 -1 26 51 -1 -1 2 -1 -1 24 9 49 6 -1 -1 42 -1 -1 58 60 -1 -1 25 -1 30 1 -1 -1 -1 -1 59 12 33 56 54 -1 -1 27 -1 32 -1 -1 22 -1 61 35 -1 -1 8 -1 3 -1 -1 -1 34 38 44 53 -1 -1 57 -1 -1 5 63 -1 48 -1 -1 -1 41 -1 -1 47 40 46 20 36 43

1
-1

39
-1 -1 -1 -1 46 53 -1 -1 33 -1 -1 21 22 51 -1 -1 -1 15 1 -1 39 52 -1 -1 9 -1 -1 -1 60 24 -1 -1 23 -1 57 62 2 48 6

79
-1 -1 60 -1 -1 15 43 -1 -1 51 -1 -1 56 9 32 -1 -1 14 -1 -1 37 -1 5 22 34 -1 59 -1 -1 57 -1 61 -1 -1 20 -1 -1 42 19 38 -1 -1 26 -1 -1 29 -1 -1 16 53 49 35 -1 -1 63 -1 -1 46 10 -1 -1 12 -1 -1 39 28 54 -1 -1 8 -1 -1 -1 18 48 17 6 50 3

1
-1

75
-1 -1 19 -1 -1 42 45 -1 -1 4 -1 -1 48 56 12 -1 9 -1 -1 -1 14 61 -1 -1 6 -1 -1 53 28 20 -1 -1 40 -1 -1 58 29 -1 25 30 62 -1 -1 43 -1 -1 60 3 -1 -1 1 -1 -1 36 51 23 -1 -1 8 -1 -1 55 31 -1 -1 10 -1 -1 34 24 7 37 -1 38 22

43
-1 -1 55 -1 -1 40 6 -1 60 -1 -1 49 -1 -1 14 42 -1 -1 47 -1 22 54 39 -1 -1 29 -1 -1 21 9 -1 -1 12 -1 -1 62 33 50 -1 13 8 -1 3

1
-1

1
-1

1
-1

53
-1 -1 -1 -1 30 42 -1 -1 4 12 -1 -1 -1 17 -1 -1 59 31 3 2 60 -1 -1 38 -1 -1 53 54 -1 -1 57 -1 20 41 -1 55 -1 -1 -1 -1 29 21 -1 -1 58 -1 -1 46 11 22 44 51 1

49
-1 -1 -1 10 -1 49 -1 -1 45 -1 -1 8 41 29 31 -1 -1 25 -1 -1 15 60 -1 -1 -1 32 48 46 -1 36 19 -1 -1 -1 -1 7 30 -1 -1 18 -1 -1 27 37 55 13 -1 3 47

83
-1 -1 37 -1 -1 56 61 -1 21 -1 -1 7 -1 -1 59 17 -1 2 48 -1 -1 22 -1 -1 24 16 -1 -1 9 -1 -1 15 14 26 -1 30 31 -1 -1 -1 -1 51 29 -1 -1 45 -1 -1 34 32 58 50 -1 -1 38 -1 44 -1 -1 52 -1 -1 57 12 10 -1 -1 39 -1 -1 36 28 -1 -1 18 -1 -1 40 62 23 25 60 8

35
-1 -1 -1 7 -1 -1 30 54 -1 -1 32 -1 47 2 -1 24 -1 -1 -1 18 -1 4 14 -1 -1 -1 41 -1 -1 51 37 3 55 60 58

1
-1

77
-1 -1 60 -1 13 -1 -1 20 -1 -1 36 25 51 -1 -1 58 49 -1 -1 16 -1 -1 7 27 -1 11 -1 -1 50 -1 -1 19 32 -1 -1 56 -1 -1 46 38 35 8 61 -1 -1 -1 59 23 -1 4 -1 -1 29 -1 -1 3 2 -1 24 41 -1 -1 5 -1 -1 39 48 -1 -1 40 -1 57 30 -1 44 10 47

101
-1 -1 32 -1 -1 48 4 -1 -1 47 -1 -1 40 63 29 -1 -1 -1 50 -1 -1 54 56 33 58 -1 -1 -1 7 -1 -1 42 12 -1 -1 26 -1 -1 20 1 51 2 57 -1 -1 62 -1 -1 41 18 -1 -1 10 55 -1 -1 44 -1 25 -1 -1 23 -1 -1 21 11 14 30 -1 -1 36 -1 -1 24 28 -1 -1 16 -1 -1 35 6 45 -1 -1 39 -1 -1 49 13 -1 -1 60 -1 -1 3 43 15 17 38 5

103
-1 -1 -1 31 -1 -1 46 39 36 -1 -1 45 -1 -1 30 26 -1 -1 10 -1 -1 53 44 13 15 -1 -1 63 -1 -1 16 20 -1 -1 18 -1 57 60 -1 -1 12 -1 -1 19 49 -1 -1 21 -1 -1 56 42 9 3 23 -1 -1 35 -1 -1 5 1 -1 -1 40 -1 -1 27 22 33 -1 -1 -1 24 14 -1 -1 25 -1 -1 48 38 61 55 -1 -1 34 -1 -1 8 2 -1 -1 -1 37 32 11 -1 -1 52 54 51 7

79
-1 -1 -1 50 -1 -1 5 3 -1 -1 34 -1 -1 32 45 31 26 -1 -1 55 -1 -1 17 -1 46 -1 -1 36 -1 2 60 22 58 -1 -1 4 -1 -1 16 56 -1 -1 21 -1 -1 37 13 51 -1 -1 40 -1 -1 9 61 -1 -1 35 -1 30 28 6 -1 -1 -1 33 52 -1 -1 54 -1 -1 10 27 59 -1 43 25 62

33
-1 -1 -1 -1 32 55 -1 -1 52 -1 -1 22 3 10 -1 -1 36 -1 -1 26 51 -1 -1 43 -1 -1 12 5 57 59 -1 31 28

105
-1 -1 29 -1 -1 20 60 -1 -1 61 -1 63 24 -1 -1 50 -1 -1 30 16 -1 -1 38 -1 -1 22 31 59 14 -1 -1 -1 34 -1 -1 9 43 54 -1 -1 1 -1 -1 58 46 -1 -1 51 -1 -1 41 49 15 26 40 -1 -1 23 -1 -1 7 53 -1 56 -1 -1 36 -1 -1 18 6 -1 -1 17 -1 10 28 13 -1 -1 44 -1 -1 21 12 -1 -1 47 -1 -1 39 11 57 -1 -1 -1 8 -1 -1 25 4 52 42 19 55

75
-1 -1 37 -1 54 -1 24 -1 -1 44 -1 -1 56 1 -1 -1 -1 14 8 42 2 -1 -1 41 -1 -1 25 62 -1 58 -1 -1 47 -1 -1 4 63 -1 38 61 11 -1 -1 -1 60 -1 -1 30 23 -1 -1 55 -1 -1 50 45 32 -1 -1 39 -1 -1 52 33 -1 -1 16 -1 -1 6 51 57 48 9 27

47
-1 -1 59 -1 -1 51 38 -1 -1 46 -1 -1 60 24 52 -1 -1 -1 40 17 -1 -1 -1 12 4 58 61 -1 -1 19 -1 -1 13 42 -1 -1 7 -1 -1 39 21 45 -1 30 1 -1 35

1
-1

73
-1 -1 55 -1 -1 37 9 -1 -1 -1 16 23 43 -1 22 -1 -1 -1 49 -1 -1 13 62 20 -1 19 2 -1 -1 39 -1 4 -1 34 -1 -1 58 -1 24 -1 8 30 -1 -1 27 -1 -1 63 53 -1 -1 54 -1 -1 1 59 6 -1 -1 29 -1 -1 10 50 -1 -1 -1 25 52 3 46 28 57

1
-1

65
-1 -1 -1 23 5 -1 -1 48 -1 62 -1 -1 39 -1 -1 63 2 34 -1 -1 -1 40 61 -1 -1 16 -1 8 30 26 54 -1 -1 -1 52 -1 -1 35 37 -1 -1 49 -1 19 29 24 -1 -1 -1 41 -1 -1 55 53 20 -1 -1 -1 46 38 -1 14 25 47 11

33
-1 -1 -1 1 -1 -1 60 54 -1 -1 46 -1 -1 9 42 38 -1 -1 53 -1 29 -1 -1 37 -1 -1 35 63 2 8 -1 15 13

43
-1 -1 62 -1 -1 18 -1 -1 55 14 -1 -1 39 -1 28 13 -1 -1 1 19 -1 -1 -1 25 29 -1 -1 46 -1 -1 6 41 10 -1 -1 -1 -1 16 21 43 22 3 57

31
-1 -1 33 -1 -1 -1 -1 50 54 -1 -1 26 -1 43 7 51 13 -1 -1 -1 32 -1 -1 22 61 -1 8 -1 53 11 44

61
-1 -1 -1 34 -1 -1 24 4 58 -1 -1 -1 -1 43 15 42 6 -1 19 -1 -1 -1 27 -1 -1 37 48 35 -1 -1 22 -1 -1 21 51 -1 -1 28 -1 -1 57 14 31 25 -1 -1 -1 2 53 -1 -1 38 -1 -1 11 13 45 -1 63 41 5

35
-1 -1 36 -1 -1 40 -1 54 -1 -1 35 -1 -1 10 42 51 -1 -1 28 -1 -1 50 60 -1 -1 8 -1 -1 21 5 12 59 45 -1 53

29
-1 -1 48 -1 -1 56 2 -1 58 -1 -1 10 -1 -1 17 34 -1 -1 53 -1 -1 7 46 51 40 -1 6 -1 13

1
-1

33
-1 -1 -1 1 -1 -1 32 27 -1 -1 5 -1 -1 10 58 43 -1 -1 -1 24 16 -1 -1 59 -1 -1 13 44 53 40 46 -1 34

31
-1 -1 -1 -1 43 57 -1 -1 16 -1 -1 45 62 41 -1 39 60 -1 -1 -1 32 -1 -1 -1 48 17 -1 26 8 6 47

13
-1 -1 -1 -1 -1 -1 12 14 13 18 -1 11 35

91
-1 -1 -1 21 -1 48 -1 -1 7 -1 -1 60 35 11 1 -1 -1 -1 34 13 -1 -1 42 -1 -1 38 2 3 -1 -1 22 -1 -1 29 43 -1 -1 -1 8 14 25 20 46 -1 -1 -1 53 -1 -1 54 33 -1 -1 24 -1 59 37 5 -1 -1 9 -1 -1 32 62 -1 -1 44 -1 -1 36 39 61 -1 -1 12 -1 -1 41 19 -1 -1 47 -1 -1 56 30 31 55 23 57

1
-1

3
-1 -1 49

69
-1 -1 -1 5 -1 -1 62 49 -1 -1 -1 10 24 21 -1 -1 -1 35 53 -1 -1 15 -1 -1 63 6 13 58 43 -1 -1 4 -1 -1 8 -1 45 11 -1 -1 34 -1 -1 27 50 -1 -1 46 -1 -1 57 30 7 59 -1 -1 -1 48 -1 23 -1 -1 60 -1 37 17 38 44 19

61
-1 -1 -1 9 -1 -1 62 18 34 -1 -1 2 -1 -1 55 12 -1 23 57 -1 -1 5 -1 -1 29 37 -1 7 -1 36 11 -1 -1 -1 38 40 -1 -1 33 -1 -1 42 6 10 -1 32 -1 -1 -1 -1 49 15 -1 -1 -1 41 43 31 17 30 4

59
-1 -1 27 -1 50 -1 -1 28 -1 35 -1 -1 38 -1 -1 39 18 60 -1 -1 4 -1 -1 42 13 -1 -1 19 -1 -1 2 6 58 63 -1 -1 -1 26 -1 -1 55 43 5 -1 -1 52 -1 -1 49 3 -1 -1 -1 1 40 9 25 44 8

63
-1 -1 -1 63 -1 -1 12 -1 53 37 33 -1 -1 44 -1 -1 10 35 -1 -1 51 -1 -1 13 42 6 -1 -1 43 -1 -1 7 36 -1 4 26 15 -1 -1 -1 11 -1 -1 8 57 39 -1 -1 25 -1 19 -1 -1 5 -1 -1 2 61 49 41 -1 55 50

49
-1 -1 29 -1 -1 17 39 -1 -1 56 13 -1 -1 -1 28 -1 -1 59 48 8 26 -1 -1 -1 -1 44 -1 9 20 62 31 -1 -1 -1 -1 14 19 -1 -1 23 -1 -1 55 34 30 -1 6 2 12

35
-1 -1 53 -1 -1 63 -1 -1 28 38 -1 6 -1 -1 -1 26 -1 -1 23 36 5 55 61 -1 -1 -1 -1 51 -1 24 52 17 -1 2 43

51
-1 -1 54 -1 -1 20 61 -1 56 -1 -1 35 -1 -1 39 29 -1 -1 47 -1 -1 1 26 46 12 -1 -1 9 -1 -1 6 57 -1 -1 -1 51 48 41 -1 -1 -1 58 -1 -1 53 32 43 42 38 -1 13

1
-1

29
-1 -1 -1 1 -1 -1 56 49 8 -1 22 -1 -1 -1 44 -1 -1 21 34 -1 -1 18 12 63 26 -1 -1 15 55

63
-1 -1 8 -1 25 -1 -1 9 -1 -1 48 57 24 -1 -1 53 -1 -1 38 15 -1 -1 36 -1 27 33 55 -1 -1 10 -1 51 -1 4 -1 -1 -1 49 -1 -1 37 13 20 14 63 -1 -1 59 -1 28 -1 -1 -1 26 29 42 -1 2 -1 -1 39 1 62

55
-1 -1 57 -1 60 -1 26 -1 -1 -1 31 18 -1 -1 -1 3 1 19 25 -1 23 -1 -1 32 -1 -1 24 34 -1 -1 40 -1 -1 61 16 46 -1 -1 59 -1 -1 12 14 -1 -1 36 -1 -1 38 2 47 13 -1 35 7

1
-1

103
-1 -1 43 -1 31 -1 -1 -1 27 32 18 -1 -1 12 -1 -1 8 7 -1 -1 46 -1 10 44 5 -1 -1 13 -1 34 -1 -1 41 56 -1 -1 40 -1 -1 30 26 -1 -1 52 -1 -1 63 16 61 48 1 -1 -1 29 -1 -1 21 51 -1 -1 23 -1 -1 9 2 38 -1 -1 54 -1 -1 60 11 -1 55 47 -1 -1 36 -1 33 -1 -1 50 15 -1 -1 62 -1 -1 28 14 -1 -1 3 -1 -1 58 53 42 45 20 35

99
-1 -1 18 -1 -1 1 42 -1 -1 25 -1 -1 28 20 4 -1 41 -1 -1 44 -1 -1 8 11 -1 -1 51 -1 -1 57 16 47 -1 -1 56 -1 -1 9 12 -1 -1 13 -1 22 60 53 35 -1 -1 62 -1 -1 17 19 -1 -1 34 -1 -1 27 15 61 -1 -1 30 -1 -1 24 -1 -1 55 14 40 43 -1 -1 26 -1 38 -1 -1 -1 31 52 6 -1 -1 21 -1 29 -1 -1 -1 45 37 5 46 32 59

59
-1 -1 -1 40 -1 -1 20 54 -1 -1 23 -1 -1 49 4 35 -1 -1 -1 52 -1 -1 57 2 34 16 -1 -1 19 -1 -1 13 29 -1 -1 41 -1 -1 21 63 8 -1 -1 6 -1 -1 48 12 -1 -1 58 -1 -1 62 39 61 51 26 38

59
-1 -1 -1 52 -1 -1 49 58 -1 -1 50 -1 21 24 35 -1 -1 3 -1 -1 2 28 -1 -1 -1 27 17 48 -1 -1 -1 60 -1 44 14 33 11 -1 -1 -1 41 8 -1 -1 -1 51 20 -1 -1 42 -1 -1 45 4 32 -1 55 15 19

35
-1 -1 12 -1 -1 -1 35 22 -1 -1 1 -1 -1 36 37 45 -1 -1 41 -1 -1 32 44 -1 -1 20 -1 -1 58 13 9 56 60 -1 16

93
-1 -1 36 -1 53 -1 -1 20 -1 -1 55 31 29 -1 -1 -1 -1 11 63 9 42 -1 -1 52 -1 -1 32 23 -1 14 -1 -1 -1 39 28 -1 22 2 33 -1 -1 15 -1 -1 5 44 -1 -1 17 -1 -1 26 27 45 -1 -1 30 -1 -1 13 57 -1 34 41 -1 -1 18 -1 3 -1 -1 6 -1 -1 46 7 1 -1 -1 16 -1 48 -1 -1 58 -1 -1 25 12 51 50 61 56

1
-1

55
-1 -1 39 -1 44 -1 -1 43 -1 -1 20 42 49 -1 -1 33 -1 -1 24 25 -1 -1 48 -1 -1 53 26 22 8 -1 -1 51 -1 -1 9 17 -1 52 -1 -1 35 -1 -1 14 45 -1 50 12 37 -1 -1 -1 29 41 47

41
-1 -1 26 -1 -1 50 -1 -1 18 43 -1 23 -1 -1 -1 54 53 -1 -1 35 -1 55 44 14 -1 -1 39 -1 -1 1 27 -1 -1 48 -1 10 20 -1 52 4 7

1
-1

35
-1 -1 -1 50 -1 -1 11 60 -1 -1 23 -1 54 56 37 -1 -1 29 -1 -1 21 30 -1 -1 7 -1 -1 45 44 22 -1 62 46 -1 35

27
-1 -1 -1 -1 60 9 -1 -1 29 -1 -1 26 44 11 -1 -1 -1 34 -1 -1 24 32 16 35 -1 52 37

43
-1 -1 -1 24 -1 -1 30 41 -1 34 -1 -1 -1 63 31 -1 29 54 -1 -1 62 -1 -1 44 58 -1 -1 -1 5 25 8 -1 -1 -1 38 -1 -1 52 1 45 12 43 11

71
-1 -1 14 -1 20 -1 -1 56 -1 -1 52 41 28 -1 -1 26 -1 -1 54 12 -1 -1 61 -1 -1 60 31 13 63 -1 6 -1 -1 -1 10 -1 46 59 -1 -1 2 -1 -1 50 39 -1 -1 7 -1 -1 1 3 24 53 -1 -1 62 -1 -1 11 35 -1 -1 -1 25 16 17 -1 44 19 38

59
-1 -1 -1 32 -1 -1 35 40 -1 -1 12 -1 -1 4 10 47 22 -1 -1 19 -1 34 -1 -1 52 -1 -1 20 8 7 -1 42 5 -1 -1 -1 63 48 -1 -1 25 50 -1 -1 45 -1 -1 43 24 -1 -1 41 -1 58 2 49 -1 62 30

55
-1 -1 60 -1 -1 62 31 -1 -1 14 -1 -1 40 54 32 -1 -1 59 -1 -1 39 27 -1 -1 2 -1 -1 55 8 30 20 -1 -1 5 28 -1 -1 -1 19 -1 18 -1 -1 21 -1 -1 16 34 11 26 -1 -1 48 29 38

59
-1 -1 40 -1 -1 33 -1 -1 48 13 63 -1 34 -1 -1 -1 8 -1 -1 56 19 43 -1 -1 32 -1 -1 62 36 -1 -1 23 -1 15 28 49 52 -1 -1 -1 -1 24 -1 -1 38 12 21 -1 -1 18 -1 -1 17 61 -1 39 57 14 7

